american<-c(
altblue = "#13477D",
altred = "#961e28",
taupe = "#7E6D5F",
slate = "#406B72",
teal = "#67854e",
teal = "#008290",
yellow = "#eeb137",
warm = "#005578",
librarygrey = "#5e6769")
