brownu <- c(
"#ed1c24",
"#4e3629",
"#ffc72x",
"#98a4ae",
"#59cbe8",
"#00b398",
"#003c71",
"#b7b09c"
)
