yale <- c(
"#00356b",
"#286dc0",
"#63aaff",
"#222222",
"#4a4a4a",
"#978d85",
"#dddddd",
"#f9f9f9",
"#5f712d",
"#bd5319"
)
