nyu <- c(
"#57068c",
"#000000",
"#b8b8b8",
"#cb0200",
"#e86c00",
"#489141",
"#28619e", 
"#3dbbdb", 
"#007c70", 
"#d71e5e", 
"#e86c00", 
"#ffc107"
)

nyu_continuous <- c(
# these will need some modification as points within
# scale_color_continuous to work
"#8900e1","#57068c","#330662","#220337")
