berkeley <- c( 
berkeleyblue = "#003262" ,
founders = "#3B7EA1" ,
caligold = "#FDB515" ,
medalist = "#C4820E" ,
wellman = "#D9661F" ,
rosegarden = "#EE1F60" ,
bridge = "#ED4E33" ,
southhall = "#6C3302" ,
bayfog = "#DDD5C7" ,
lawrence = "#00B0DA" ,
laplane = "#00A598" ,
pacific = "#46535E" ,
sather= "#B9D3B6" ,
ion = "#CFDD45" ,
soybean= "#859438" ,
stone_pine = "#584F29"
)
