harvard<-c(
"#A41034",
"#48c4b7",
"#ed6a47",
"#CED665",
"#faae53", 
"#afe6f1",
"#000000",
"#ffd5a3",
"#EEE29F",
"#c4e4dd",
"#CE614A",
"#737a15",
"#0d667f")
