georgetown <- c(
blue = "#041e42", 
gray = "#63666a", 
pantone280 = "#012169", 
pantone293 = "#003da5", 
coolgray4 = "#bbbcbc", 
pantone7527 = "#d6d2c4", 
pantone306 = "#00b5e2", 
pantone369 = "#64a70b", 
pantone199 = "#d50032", 
pantone202 = "#862633", 
pantone1205  = "#f8e08e"
)
